<?xml version="1.0"?>
<opencv_storage>
<R type_id="opencv-matrix">
  <rows>3</rows>
  <cols>3</cols>
  <dt>d</dt>
  <data>
    9.9998621637910057e-01 4.1172297587396232e-03 3.2581391812453006e-03
    -4.1159037428266758e-03 9.9999144410481822e-01
    -4.1358619401361937e-04 -3.2598141343337804e-03
    4.0017030604752959e-04 9.9999460672322416e-01</data></R>
<T type_id="opencv-matrix">
  <rows>3</rows>
  <cols>1</cols>
  <dt>d</dt>
  <data>
    -3.3438655671492801e+00 4.1325329721930787e-02
    5.1348419804217033e-02</data></T>
<E type_id="opencv-matrix">
  <rows>3</rows>
  <cols>3</cols>
  <dt>d</dt>
  <data>
    7.6632259326858443e-05 -5.1331443302677096e-02
    4.1346343840505180e-02 4.0447331797959403e-02 1.5495289494701010e-03
    3.3440148330552346e+00 -2.7561731305913391e-02
    -3.3440071032633063e+00 1.2483329572655600e-03</data></E>
<F type_id="opencv-matrix">
  <rows>3</rows>
  <cols>3</cols>
  <dt>d</dt>
  <data>
    -4.1427142086814782e-09 2.7751866886493881e-06
    -1.8500160514141994e-03 -2.1895231045773575e-06
    -8.3887013532937893e-08 -9.6237801370200632e-02
    1.3499877167290715e-03 9.7121536093960417e-02 1.</data></F>
<RF type_id="opencv-matrix">
  <rows>3</rows>
  <cols>3</cols>
  <dt>d</dt>
  <data>
    -4.1427142086814782e-09 2.7751866886493881e-06
    -1.8500160514141994e-03 -2.1895231045773575e-06
    -8.3887013532937893e-08 -9.6237801370200632e-02
    1.3499877167290715e-03 9.7121536093960417e-02 1.</data></RF>
<RS type_id="opencv-matrix">
  <rows>3</rows>
  <cols>3</cols>
  <dt>d</dt>
  <data>
    -4.1427142086814782e-09 2.7751866886493881e-06
    -1.8500160514141994e-03 -2.1895231045773575e-06
    -8.3887013532937893e-08 -9.6237801370200632e-02
    1.3499877167290715e-03 9.7121536093960417e-02 1.</data></RS>
<PF type_id="opencv-matrix">
  <rows>3</rows>
  <cols>3</cols>
  <dt>d</dt>
  <data>
    -4.1427142086814782e-09 2.7751866886493881e-06
    -1.8500160514141994e-03 -2.1895231045773575e-06
    -8.3887013532937893e-08 -9.6237801370200632e-02
    1.3499877167290715e-03 9.7121536093960417e-02 1.</data></PF>
<PS type_id="opencv-matrix">
  <rows>3</rows>
  <cols>3</cols>
  <dt>d</dt>
  <data>
    -4.1427142086814782e-09 2.7751866886493881e-06
    -1.8500160514141994e-03 -2.1895231045773575e-06
    -8.3887013532937893e-08 -9.6237801370200632e-02
    1.3499877167290715e-03 9.7121536093960417e-02 1.</data></PS>
<Q type_id="opencv-matrix">
  <rows>4</rows>
  <cols>4</cols>
  <dt>d</dt>
  <data>
    1. 0. 0. -3.4835028076171875e+02 0. 1. 0. -2.4252821350097656e+02 0.
    0. 0. 4.2414836801643895e+02 0. 0. 2.9899700396932449e-01
    -1.5899066227226568e+00</data></Q>
</opencv_storage>
