<?xml version="1.0"?>
<opencv_storage>
<camera_matrix_L type_id="opencv-matrix">
  <rows>3</rows>
  <cols>3</cols>
  <dt>d</dt>
  <data>
    5.3588941492202036e+02 0. 3.4228042003599933e+02 0.
    5.3584575512026697e+02 2.3552662854380620e+02 0. 0. 1.</data></camera_matrix_L>
<distortion_coefficient_L type_id="opencv-matrix">
  <rows>1</rows>
  <cols>5</cols>
  <dt>d</dt>
  <data>
    -2.6617638708704761e-01 -3.9678475890551845e-02
    1.7934287423523963e-03 -2.9854900730871424e-04
    2.3981036564013994e-01</data></distortion_coefficient_L>
<camera_matrix_R type_id="opencv-matrix">
  <rows>3</rows>
  <cols>3</cols>
  <dt>d</dt>
  <data>
    5.4213036387424881e+02 0. 3.2836577548005192e+02 0.
    5.4139896520066657e+02 2.4702416119968544e+02 0. 0. 1.</data></camera_matrix_R>
<distortion_coefficient_R type_id="opencv-matrix">
  <rows>1</rows>
  <cols>5</cols>
  <dt>d</dt>
  <data>
    -2.8168288749068543e-01 1.0828000173992919e-01
    -5.5875823600516758e-04 1.2539180409930485e-03
    -2.8321748231412112e-02</data></distortion_coefficient_R>
</opencv_storage>
